193676647
41624518
71080041
104024179
78699601
155802879
183014474
39147756
59645737
115899597
219895994
8312747
246497778
28778235
165849571
88465734
23003260
198206146
35653716
229713912
35005211
253159912
26267111
116343693
68030326
55715162
10287406
233665123
266125875
200267679
27772105
191367066
241892198
98852146
26955789
52156343
254655025
209970264
91304099
45865306
57434405
42764637
54178053
35496727
71542872
220027625
123962462
94546132
149798315
159616178
55824589
184803526
144340635
82091700
32711764
212370961
137806862
42999170
177600628
135497281
243266849
205372733
58428892
216723591
35789424
85384681
444478
22008993
26919489
91748577
67874300
84353895
134513214
122052353
119850622
206056087
73644522
243813084
32166763
223442838
134993807
87991352
139810908
10898986
170083052
172522672
223269947
39454459
215521842
132435119
174951740
190353236
69372396
233380632
138641371
105161820
50329858
139085850
127170814
77249347
230834427
195045114
161603242
96912186
48662011
13018409
34532817
122306534
256831493
66699580
77313916
123389844
154690933
217124824
134288830
56338529
121212041
89123321
95792988
68298427
221558440
2309273
258651663
22495381
235689905
128857579
127657201
17584307
267943429
254828015
94833655
230342400
181437673
256436897
58819130
230099685
1019850
93351947
83970763
257851344
160051528
161284679
112805732
46307005
109974047
247094563
102645534
231186088
67782428
198438523
31049060
20905413
200747796
21265267
43400794
168002245
150122846
171057995
185586553
149630819
157450555
11984752
111537764
70452772
268421649
170356894
32117001
1006044
263708842
116087764
258857388
155324914
8936987
103227664
201631919
118911035
81886771
35841997
81661667
149669200
234280520
112710727
170574613
166592860
133975995
213975407
66159650
15663385
116597946
251746203
165294205
5613045
263730955
8396513
76065818
263717148
178753407
108182819
264723192
174026793
224270584
255145124
60916251
233207571
89937333
262548170
83683150
171824104
29954712
165344818
53057848
264235232
9620089
223632461
162392637
143596084
169172412
228552287
159259470
17334903
211863034
56118219
22947948
207158533
64514732
99013766
202440225
243268139
207196586
198727962
148859477
163031714
185437630
209775728
127803829
6939507
203888443
211486980
178763612
233843155
108396342
231821460
229642931
118016431
187018466
123600112
261612516
87755422
83716943
152436530
105090325
27144521
208554749
128038274
234303054
4634025
227052040
168307824
247902164
165813170
98600330
128326185
60409428
15602504
69666458
188213258
22542012
5119445
131264782
201305624
238962600
239661124
164691628
200170075
89242099
83274638
55334732
82419159
171030061
139051675
234855689
7684930
166196197
174974982
135723204
132063795
179609007
94339789
31936163
159075716
260152959
130536493
18966445
52126932
146138998
88632903
240340190
168681010
93752348
103169516
101551178
64279492
74395184
266242806
264449568
163637283
81081989
51348844
246056443
252112050
190400519
212476676
259796980
88161260
119016203
127084729
220225056
30189754
221424518
252161219
189265470
213142021
114262257
208231916
265268953
260401255
28429363
237173687
160646809
122181712
71907747
262197987
186461204
146302931
260005337
182475316
41504759
72651870
233824160
19125746
56328464
155789224
231602422
47689989
243950484
82183169
174774718
195740084
112372924
127763780
179465848
33202938
72470345
25292649
241434854
69303843
17258448
1428762
38042074
177905257
123610474
109949822
171667788
41636222
256252753
163237669
224111539
29322056
235889540
189500243
48447802
23782548
76854011
11614769
71472537
52369040
93797938
246247255
248109124
206170862
105575579
159139516
239373801
178045925
184432165
212373199
247349768
201690613
213801961
16956386
111160414
68976979
126906208
14392746
110613202
114723506
177630416
66289285
144045562
145084500
255789528
192493365
168867048
64208084
204108134
240339586
116577124
29470616
218151385
96250792
235641479
55291509
255390309
206579824
233337434
171387018
150517567
212251746
104642176
95884073
229208132
215802590
164861052
87678885
230195337
7038798
202402391
139390297
73328083
78012497
16039341
60682156
2070406
184906389
124890240
206178540
156810519
241467364
235649157
106526449
69282700
202855180
161817958
56237553
140999548
126719936
227624572
23081659
70536226
63831292
118965732
31308902
11198426
15391329
118987787
241393763
22430127
52954722
112348604
95758211
130967220
128387945
156440367
133037626
44858879
12895151
70780711
201669398
254362515
37994412
39760391
55209759
240849592
201578349
111447313
113413684
59862829
70636429
136495343
130399055
134467721
255461076
161707958
145666147
2416949
12260289
118624455
24847076
65215012
230973059
120605287
196182232
90925549
8610198
60784402
135784428
21505349
131565113
69018370
7432408
169559525
108778762
62642168
141973661
41921655
174089481
255387345
101784485
244725910
123447233
232183540
110758175
110472853
125456042
256424322
112889802
137716332
106613321
137736878
202931344
69150925
258342166
130678120
160076474
266952364
191462522
27425446
20022258
54592180
96443816
27454666
224151705
205222578
90096834
97689911
247144234
264186315
84641800
80493263
240476769
208089033
44241347
82799488
50126430
169697390
70788355
163016232
38978266
177401676
32317655
241909610
246552601
22224365
104152274
138193619
20741273
27179340
165619065
40763531
81771520
262062882
68218198
37487770
198850004
158315032
135177681
177558782
154065892
219819481
258052045
126107205
159473059
33857937
208906694
209599489
203555327
11259593
104180266
242533593
188661269
136497921
216007747
166778415
158722286
51724565
36536578
179463559
78903905
202155644
220227091
160675426
195783070
20009833
198163196
126197618
178324865
64905421
35320945
63955301
16289446
24937534
190062507
175762505
58795471
130533745
116926539
262350798
141793338
221106805
236448935
62019151
89169270
184021226
228797566
247891556
235745791
265334145
158919659
46214241
199054333
110711294
206889667
126401947
130721127
136617407
252599565
40610537
201522828
19485054
104565838
217812274
44422589
26192889
125139324
103218060
156726634
242065863
97133403
30084516
194737212
65146882
92103668
15471026
249168109
52465778
263362582
216478444
49364467
153846785
262692685
248418800
264558080
201146896
106385291
126843751
69328847
90549401
167454288
2416219
110034455
3584671
220228494
154457044
29777560
76932362
257675105
186504195
50562769
86373052
216588711
245299981
151519934
40256923
260771007
132252587
92722702
255698133
80295576
142087169
141109462
74552805
122070514
137232086
7264246
228455805
264075838
76593093
50569750
163094670
79009313
160604206
166679341
30802351
46625794
196456902
107734713
35865443
114525641
158297482
122238495
62678896
135162007
5322974
102935820
127497558
137575561
195658522
114760235
217871137
69310235
255869697
23988487
191380749
124666328
31252733
151401099
120306710
107845826
201970849
14965924
186855139
94139599
181645266
217657490
140765394
109666712
56956747
176630837
224192353
215254229
30433877
18435793
81980780
35756851
121371613
209478338
173332412
48594679
55803117
122768094
117904915
43237359
146756581
40850208
167903687
178009314
192251307
19774941
17419684
125786701
34740865
204274824
219926300
216386131
153496858
92256238
57617387
210453606
451620
13374284
157272379
30885497
31810078
239253160
66642348
153181691
180296042
239974760
201776371
236099160
94307398
51245830
10901063
241063979
92096038
178804750
150637837
15911890
198579691
168057522
141698591
233320556
103896890
93189435
181271232
257393748
185445674
238888619
199411898
185897294
252262904
88248822
216782791
15637526
59066526
14989683
168819217
239362568
254964443
102160132
207026272
80836386
153405962
217927335
53464909
245502001
128296629
204102747
261413891
58440864
103724813
134677026
23325965
207621703
227866461
204597197
196579995
144876679
175050360
127556438
62338517
158877808
215805260
10685852
174515334
6436330
25675535
74899096
245798898
12204523
177059228
184389715
93040909
62029735
133881594
146505818
39096280
262178224
82173109
32074715
52183632
185897922
166751741
75509597
125084169
126182746
11671338
53228709
2623970
186721699
180785147
64962487
77164051
128154951
75648340
251679386
134591281
101323875
58143026
111954723
113528398
235202254
27908982
206569307
28796533
161790577
84639670
67892813
155533345
166812779
99967528
207716977
84275246
266719269
14791119
209359415
124466560
26462457
262588124
127090530
213184156
174937815
192053017
21912752
34657310
267701357
5156682
169248591
100589777
63299708
12767859
214118175
30066506
40676841
152252027
58863040
202467418
236891697
126755853
89565307
135269020
226723382
28846829
219544266
225007195
43637948
160468226
81038299
70100405
154620894
208128829
14849106
61123254
131746391
36761858
95780564
131012292
41918540
265029156
231602069
105218248
9361559
177284789
135284754
50038400
61101360
194147794
252505819
29557601
52468192
73635670
164826621
10756118
102482499
115935432
235763313
146120447
7968202
48366157
216220853
162589096
256494986
231069959
223712350
119805921
267831817
51057459
250818214
41314901
47651159
213984827
146533149
57012718
122834160
13382447
107051118
183935520
207530242
91121481
213493121
259998434
164757152
109884287
2319096
267239651
225819719
238082409
144924643
233787921
18013110
92710040
127941561
6072641
55344543
83218456
125878562
54740904
134275915
108261320
96055805
181927074
53810692
242588954
238939792
176644852
255971401
77555454
92144917
195066187
168676936
37202582
186629165
64998632
147086869
188948261
63802827
104471132
158595215
208727470
69823597
176608325
33002054
197765159
182680966
88346597
12548159
40124073
143087501
146824074
148385393
239143306
60315692
202196085
213296804
30820028
110405482
200832750
108375482
202550399
127463481
8616962
239752981
45657191
73615594
118404395
234605452
137418422
222875527
124765211
77710436
24263669
32938081
110712491
222028828
215619047
199059088
234576987
255743120
73711134
112965605
135693058
44418984
173281297
69453687
257715789
204101325
179859169
190113083
44041351
113974112
49141108
52658314
85291638
94798299
126273908
203696033
60968296
263692330
158136104
185733507
72967311
182399773
218671588
183679802
135993145
165855180
114303434
102134676
153162844
188014568
215100281
20420446
232433553
119946122
89874134
221713886
55611991
1297847
143391513
99653343
115271960
192532621
152311657
200563598
18895465
10150109
135824175
79863761
5406984
25524823
265597268
78374295
207924597
215833401
262054097
75482286
113253125
107922075
177616963
266415969
27501188
124281788
18400960
259934741
244227911
108275094
213213171
31404446
109572941
88169228
131057789
224844901
12266393
14933990
156973043
31161858
25084100
24361762
111025619
30491084
49886586
108187432
108865379
257811183
55585377
102484020
64858013
168838502
210406095
242474976
166819015
237907283
98321309
185219975
229406568
74113764
25059613
174184283
105518210
134632555
262353511
236576000
91042000
6184449
251509990
248015044
37346307
8158634
3941350
148371927
38649718
53827936
256559359
147515097
43203663
43709280
249999117
108061677
212547782
191969757
82101197
110931341
161441584
180422506
27715861
122412697
254536270
52775474
28161524
91619025
187408029
22079580
59759569
10014574
28264029
42834103
258029618
65610336
50992738
261970968
213982263
89642456
47363449
202106166
237157554
90567112
245815446
218721215
198628789
189927772
142255516
12294531
32423658
35261645
192717037
60139519
157674342
178817852
112914993
185835866
2001421
31887567
207915446
61760990
41902141
236179475
104595093
31496303
33354356
155587831
25031815
247336619
245230288
72395264
181007330
213952386
162962377
158387320
164238145
93155710
79879637
38058206
105450241
112303295
73319851
29731823
172442814
230994193
208549675
16922351
148394603
210551096
48809918
87874594
3876630
90712059
55618613
108471723
122208362
88972969
264059555
147240178
67874133
240854387
219635442
248881463
186371317
114162363
138833327
82174006
207318074
218712964
120232212
44332859
62580803
193552063
74064682
235023617
156110800
14178901
251945969
36069948
224729997
32320431
123944542
228606627
123032491
179563155
68642895
245240853
100669
64266994
124045575
67974802
36685925
75245562
48420809
223057242
189407925
187254136
36795792
128290543
137531645
157028005
172623403
200112448
82144612
246688085
166700610
238255413
260866987
150211123
5889905
217161528
182531554
129834447
177332700
37128589
40962146
245975595
13933987
41062815
41807133
137979562
109037617
78493058
213225124
157458426
33114844
134197594
76277107
69910636
262488137
213808752
226938641
166676084
145485744
40647798
144928714
43750898
10467755
137360245
193962021
16357660
86086317
108058120
146192107
263419017
145186709
187154253
240959156
159120696
228217069
14330833
28664803
68819230
92823891
241889927
226277657
125938735
107652065
34119308
195849372
101704747
247928060
154352557
268380831
124978348
195000355
144874089
168729247
205468110
13798878
94255812
221825770
99885196
202313932
99582421
94868757
79065186
18301219
67392458
238185882
246518288
81723291
266850685
46902062
174547183
240305157
4744263
32050462
79521766
38863571
227899834
181226513
18356175
113816936
181171889
143334524
40381835
57610522
43628315
245849946
71409401
137884127
199240260
171294597
71762604
30387226
266163354
150827790
48688445
65120356
120578216
26771277
146843648
118993446
73673339
52955375
90863147
78417603
85005837
170384913
117281174
44470216
83175971
135637350
158287152
264347860
10536418
198668987
53522926
54164733
176083477
124932327
192048860
106888282
27791468
263811464
137275508
25519367
146203798
185963953
90639723
266782015
212735230
237483371
117340005
17973113
22003290
208203152
96390716
107009128
110152609
213671891
151479344
193328580
80873785
41331040
189240984
91410203
240000027
242763911
145574936
147648049
99260782
69188340
254536331
127052251
64564349
123376383
152571618
210768147
40904880
243211341
209114706
253640110
212259257
58019255
3177767
234262547
266222407
99568484
72836219
107939561
44804919
224315563
32832685
125678704
265646603
222073670
217088907
237211175
196402125
94228387
116423768
27227451
163416727
102524643
154279702
227981076
225901026
38415864
170313768
266805906
13191750
110993018
252010560
225451007
169012274
255188327
191278098
166799225
86321355
264114318
6303330
131126274
219994425
39136016
256804978
217205573
261209686
205458429
185981292
189176355
31251360
33969604
216403806
194668088
136494247
102248053
154213708
93959817
140663917
56092020
92330267
153855667
167085039
75905371
110871218
67661857
62658242
33713861
234461082
148979598
29392723
240764413
11670416
249387148
11464973
39939
198157265
4239203
205498368
115703101
193415558
236749729
149672705
141383908
162982361
17731496
243631961
48760613
111691313
115860423
104852634
204021580
1280634
3502217
11491495
112151853
71164074
74149738
145865714
37189700
223129336
175258437
9518657
234799752
156210129
20983630
234839691
85931939
25222833
171902604
201635040
218638391
140216877
82872290
91586844
34763782
100603786
66783349
83524395
212295100
182643772
188377029
147881224
183924407
191879246
159372720
27640804
263043320
233522458
173506518
31797565
188216338
80329499
41316222
154580634
236539628
62299853
120984870
54036111
87522686
24452018
255671152
37725622
164668895
70107986
129312466
199432677
170711772
196095815
14521616
114571416
110304132
202898646
262452641
25793083
126342436
153389905
53433887
120950301
118476907
226940405
152747866
38257789
38834448
194064088
192838423
6938620
256363941
45387837
60974732
75451172
69839855
48210428
113176794
234508750
118318414
242489260
165505971
20594730
170149619
180027588
135166147
12018295
114490778
129183332
37811378
240833214
14137781
91245265
93348059
132614688
49750214
246095925
170872477
88584662
171724558
95275444
95523283
159653043
140663282
156498015
235104215
210503137
204708443
79845553
176576432
54591401
53899357
73646947
75186131
224048977
253674535
210352278
236067272
99729857
71100154
5443195
72127616
85237935
96688460
165475675
217852623
146438675
143136145
120289644
235023337
46425247
215565089
62111164
206078290
87792915
218609179
172747050
29860596
154882166
252592603
206437028
209473567
38056505
11648520
16224243
262105482
265323055
226576521
229737298
96617457
29241220
235180493
168745073
114479155
63433498
65785292
63896323
209872173
208921437
184185967
176460054
255346684
131315600
238571219
192989519
219108515
188744942
97301113
248969112
75191653
81458260
186970684
16229764
119514765
198619204
32454007
113184791
195506804
259030529
74486634
23688805
19836293
41231671
192433878
134315448
104665169
258219170
198211771
46101886
198705152
113962283
222561941
185616380
245277883
192697704
110170443
195950943
113007190
207471556
176484599
188198843
20494361
95019827
204428608
140009126
25203576
236882615
253193918
220710380
227477688
59245096
244399185
247313981
100476767
168397607
113193974
205141937
158181321
42970289
251243823
88451017
156932572
205370308
5631942
133775000
129632556
115802385
61290487
242639747
54838486
237775086
162403134
75332847
64359457
98396286
215341973
89563033
66843446
200100435
41837957
25885678
259345531
17801686
4764204
91386843
186199293
117958178
28093324
75945159
160928467
10901691
164396176
49425584
216272000
170028118
183200584
77469100
17395048
244491071
51673391
72233534
213830701
214076526
147566381
9754702
44037356
94472898
99317736
110880802
26137878
141155693
136766481
17047953
158957380
141530685
108434796
76721217
259488863
136528120
152666376
151981874
147429812
48627097
201407458
95266356
218655215
116172586
172735456
236050263
92228201
224408848
39848341
37623446
170049918
187414722
47378149
214087274
13452165
146695885
56532621
39590043
19416122
193299102
56637996
178373502
66394331
165072793
255094720
57447738
33165457
139325640
209429612
180595269
187952737
142401615
7426169
138172497
258574201
180161626
105787304
82366947
136135018
145635646
119990393
37749480
64614912
167368542
251836754
78067077
45628971
39933919
117657120
65045094
233233021
174295117
243418596
31191896
70932454
230077860
88639634
104097911
100968045
29633791
16257725
20485326
172035406
23683894
158657823
162174151
203845520
264445128
244541098
71545082
141645318
96096036
109294562
206260230
263464578
92695861
15891852
40658094
132629780
133548972
105703188
97427346
39408633
80686328
128619242
110341087
42328733
217258877
214438999
143296778
246892668
230696724
163782104
150492618
254380618
54004472
44231313
189790683
50014144
20336956
261335765
191659462
116432992
102194872
129484236
111462114
194890733
145376088
152120208
59085057
10489605
257823396
156512403
49898238
70074269
16696190
160239326
112403002
233955067
106242869
255699780
212412279
68504137
151046428
94469441
54449299
205050900
138700754
244239982
255065044
159037710
237140292
178289050
7035246
70899708
39337831
118497361
265790441
184713919
2182113
56440042
195203524
260005510
212952446
245101763
61644323
229648636
136905633
174047325
195168247
243148502
161311649
139145070
43217183
43922621
233614511
97666482
248973522
103879809
73471009
235603110
262917520
42175845
145456705
1517310
113075553
184794536
120014671
110430538
101072999
122196785
166870580
27841068
113766839
111387570
4507375
175411162
72600750
141413008
81023031
267768997
116126054
242334680
138478611
159343237
17821845
103657666
257009719
266795367
207537476
62045272
233963022
202019540
104221117
110984271
203536850
217296670
27343351
55116066
59291752
128416350
177312851
226162333
156257418
22644234
69114447
160764793
198055396
141715198
33742345
10642971
141048739
149868399
252977651
11091895
40776180
2364040
114749561
29350444
723952
53851581
91395716
234686974
255871121
195616834
77235789
190972516
144478048
104579140
246088582
203769801
232995490
154965977
161496678
120817453
177610211
230611125
13146790
107230151
103890867
46889136
117873122
244939607
196757535
102415317
256031502
237533716
104779357
102345607
266884160
105503309
156197189
89844420
71754827
143632854
17025798
148990616
66169914
161503847
253569756
43823040
96838192
218129791
198789017
258334870
70511788
107963772
220510539
83658578
215193923
55965951
130547714
64631589
32470102
58869794
167046906
20066148
27968054
3390808
122411755
26416758
108894117
10173488
116261178
180648945
153806343
133286977
61204105
219976257
26355368
46338406
263799298
123193560
264468197
194152859
113092974
66544529
33681176
65168057
150203107
248875099
121134008
12315366
45071233
153604110
71185160
212118139
173670258
99153214
215508947
27646558
125569972
55967609
37820046
241831150
236616554
191626389
106682671
29385203
143167191
133038039
75723609
138531033
256231599
71756350
64248436
100889117
138300879
97929612
166057175
20068531
78369256
18755727
32383897
123440489
172359838
103569057
67123172
77594640
202722271
14196664
105241198
59856787
70164273
143061245
33252481
38345371
66252178
139935153
67730574
209419369
4537736
143454184
79514946
260769336
215210534
143763383
93222997
85075958
241692995
259280172
105144489
51626795
9600444
137528386
175067284
181960282
241097443
242190457
259554922
175384258
256387121
96360665
235241045
58115938
239421910
58070
96461309
37238632
139993223
164191883
246658002
144530960
39210611
57737492
136864840
254421146
201500875
230087837
71061648
174758415
220932554
176206137
226385210
230532998
45299067
133017039
144057824
17961054
106772040
135177290
193345312
94723705
231537955
160150901
152839643
202524409
160208971
249300952
239763042
31766739
145057379
217985588
176297699
184267991
7287624
44727083
170253681
208788500
6379464
241315329
115111459
227312018
149086010
73061213
189409560
194385077
206078252
65031928
212346131
44414836
200209219
137255987
139138541
163311718
28971432
23542728
97400672
189180403
4408224
68728258
220947142
149465604
18278390
128809385
65298139
25566014
173536468
235551820
234354514
179915933
208431693
81030517
138792495
89082247
154091731
59766600
15031868
91734527
124798528
227377999
136149364
56572291
96198530
6852449
219884010
125169962
30395178
48849226
45914909
34803402
117577484
266862052
184269006
135855874
127235981
249567145
161421888
32336994
216683509
127340947
212252927
156679746
208371464
82609966
245761993
94027739
142376566
260793861
185762267
267175095
219736404
53476175
55311930
47499478
60328624
6760484
172669440
90723802
55609710
218584350
125527205
173187194
217010946
41360755
40607612
75811471
22492445
202029501
108148465
239175954
60934992
51965936
127420245
871000
134575903
104746782
94898740
8517013
97105188
12225551
7256652
48406136
65701726
62568583
95905615
126030350
69329067
139599
216754153
124938778
218723949
73845902
29690516
167299439
115206657
70298129
243110911
137699102
3892174
82823920
108439601
64827166
134789857
235859846
65698166
930304
72171172
160596906
9447317
169276360
172822457
16703970
217682497
238524183
79272553
45152656
96119078
148601620
45292255
44437775
5104942
264016205
118283677
34795459
162880188
233490334
105093588
137555643
102753981
108985762
220379564
211193582
173812928
86733965
178617972
239511094
87664269
250789144
131672545
97111586
151630049
36059546
113815556
100877090
6148274
193088109
146029746
102267352
73254274
191322001
146705127
78359216
186902750
264988804
113154675
81347483
230043682
218248263
218903126
64362207
58798569
170847234
7120333
232611497
257581199
185738305
203687136
76810012
168091994
66924225
173921599
51286587
102983771
19301699
152163677
109132045
212389809
29757967
211399397
17208627
221079968
89669068
95567843
139547263
86222416
208722519
220894746
47830643
158535326
171362416
112192850
217333896
73774195
119313184
181509937
62919938
36616033
116761617
139729951
204708027
183685842
45216094
255994614
18234158
64517793
139722835
127366203
8472146
169480802
70330145
25680773
122125315
159999213
121248617
261672578
246221630
61535680
214131868
25616817
220071006
117058828
137809667
168969446
190833023
257122851
82043928
253752962
25303429
198805545
125047457
230011456
114055932
170263551
217570615
132290090
234781344
88857994
259656293
243253491
258338797
61550982
498808
112028656
221550196
121747425
105265778
199336370
183283105
50962190
224953187
134918656
168021018
94327398
35452646
90418586
83014794
117496574
75736092
108318223
47866664
200783549
69894223
161922596
102611644
19029382
25777230
68957532
107887377
16998067
43775567
97790718
78549050
44274376
209819374
31663790
166021801
46649696
231000160
80869451
97611886
187517891
215788107
265632904
13409833
251240753
87616034
96424627
100301872
163352126
204742850
148168536
95700219
6201618
41655676
198311863
25231000
67432906
267269396
133118377
84430973
42609507
230909095
162980023
86883883
172293013
194643813
252905685
218942709
157208517
65339680
48119139
76290952
12692331
45316588
89700786
263933084
132932622
186125413
95799500
27849293
122432808
243968036
123549512
128634426
17188256
53425920
153865426
84621162
52259860
18548348
169052136
94869367
249457443
63596703
181753251
153315001
258240517
166223480
103822254
147013578
231563160
151941394
223304531
244255491
197257982
44569861
239753119
61755148
230695274
67117164
89604441
84692626
42649744
213153954
213327052
59838001
266579874
98757023
144459163
50404278
117305371
45075843
145273645
98327358
108672547
58591440
251642359
98477608
224814920
87029158
245491186
187942624
238970552
200360261
163762659
167793078
244930122
135080323
229548226
207189941
202197487
50717212
23447111
244847231
263871166
236774164
36249776
262015584
67095731
180708940
43984406
184401102
225784783
189258051
14293004
66021874
247849492
265935364
164499482
204228956
84529066
141555213
123736125
55064162
73480018
19063328
222857240
49974685
154143651
183970010
257164626
87905682
234687222
12176281
64317458
230122932
248950445
100567234
223703060
47610720
12840718
267687466
232011822
238625502
188510062
246304827
36211920
167924098
243804735
200711403
103717598
59898345
73831160
227453723
114962507
147311178
246517052
69384291
197285863
132225247
253354301
186015033
220130930
219606068
198191315
16012932
181293544
178706304
116580166
136561149
226317025
129420885
135813159
189893391
99610931
55887765
167762762
135822851
223811863
143132041
68098798
59094006
203030386
141929958
18112273
49557437
20805681
264629325
118941728
218091544
128419117
103860574
135671122
80114591
55031186
65426981
96127523
236324730
244133285
212707689
104450423
202014854
73693118
240263583
123472790
173304049
27715892
22800096
40691445
251527756
165932138
108790243
42186306
100527068
250720202
60298579
150084506
3090427
56492449
590778
221181971
184911566
104451352
88417637
265026157
159482538
153844618
92718224
127371813
129542448
36990457
231822236
63121846
110683576
203650363
186594636
15552169
231366256
209394733
56243614
214458556
106891415
165033858
256644862
207418483
147318604
48507985
89067533
150409031
105000434
89658312
103155546
21476544
194109664
191573184
18067245
85156747
76982346
110785469
212528560
206524794
147775927
175915340
1211185
258459503
111130248
187805821
5576216
74061048
128765098
61819831
20084148
235656513
226853689
8293554
174639541
105736837
56801539
263707074
256145868
161801974
84929930
90865958
183278518
10604139
14003686
201345764
95760886
90986033
43695777
39853990
29075371
191471704
215769330
30286556
181495751
58464122
218092378
187071968
132525170
78422020
248891799
152609318
45643078
207310032
160902872
220282619
44611413
217704412
215554237
32321825
111070930
32048712
123187783
25913992
42652851
137191470
227259756
138413737
228177503
2520078
178267727
257252874
193991782
125601601
19103975
107052078
184065724
237196353
25688590
48155438
47182917
6144933
200764757
92825995
213454965
93232173
44673158
258066378
42501129
260227396
21952747
153572059
23840652
145140530
179486052
66493503
13896544
138310352
204907240
242074047
140830430
114739511
230891466
66386757
240341112
249995441
173438835
155971380
218756338
199127425
204126819
265939255
205272358
136456120
90329795
150291867
229688293
135002953
139922789
3753967
126794893
161875536
157326026
150635545
38580610
68376622
217129048
52477155
206686975
153600832
26115746
79081949
268340343
257007212
145468706
240246000
238567197
50472085
127781924
188888079
249599510
63473287
186391879
186436412
199929407
8286218
68292823
161182245
143289171
208215612
164936212
1648609
101655692
53826782
152284154
140236303
122203405
100977747
192713458
60454924
254578579
218829204
139536873
254483467
207400961
16570124
226294011
177532702
67042209
85640479
97985326
48206264
149113767
15941749
234642676
80607718
24227967
34500044
241789963
167517138
242715656
138290719
169165747
75935893
192117502
53014446
216172196
45885451
153992193
140450198
106340375
140135316
90843946
245877248
126183327
29809451
262447372
84041882
207342154
61054126
169682362
36892024
109260390
50360673
52833773
75467610
130968391
77061740
109967654
104322899
244578878
84247855
242613618
145309170
160183748
166295664
198323616
107920488
212181115
83880353
248370686
50086034
224015669
70779176
27527827
81763541
100588628
21539743
165805423
39495326
82593869
67052329
76387350
191854259
117413002
129221123
267321870
248381394
206282863
108854068
84268837
182426285
193101923
58446999
59299999
84850215
224742664
257623615
192770703
168488323
73068512
172705933
218574358
28648726
243485110
246102185
110412267
75638282
267641928
7782234
115133608
81800342
74834564
191520958
5219145
192247566
52306625
4105559
172193504
258589488
112959628
256462341
172580317
37626095
46473885
231880317
122476311
2781093
221068476
46811558
171269416
25701533
219517492
121408318
54350259
194567146
99075047
164762526
1769972
98281520
172544760
116903580
180081862
247379324
39989082
185301007
171191435
92295707
189406567
74949483
82449739
33930739
62976369
255030056
71556834
109450254
218474917
194033145
112231347
171107938
240844704
15065307
196809471
191926740
136473626
251159730
118058430
235548673
147486800
119828402
65394737
51596104
236731982
245476599
30539973
8285608
162342151
201731408
100581315
83313262
8245435
183031054
117244001
71221804
169625654
188800835
180672058
119665116
114398525
24467949
22337598
86807773
39533257
219147069
10299057
176006883
201871343
128357487
143120100
80922687
248185889
208514838
132518791
216482415
185555981
163058764
224768023
79462676
96354716
56913882
162775938
104600152
239944936
11584483
175821956
141135134
200385319
88058559
260800250
46348388
112526508
14702392
133156161
152059765
233849461
143455218
59631192
167285348
3377249
202751293
248208035
251563138
142830675
112291371
199610097
59951200
6914679
155942664
139413877
103269396
212856546
33754359
207869548
184366026
45338843
115256048
57065704
245724162
203314607
49430499
23637094
47405660
64132891
156793255
199465425
29546897
31813017
259096618
196832245
35190266
193412455
176604825
18317948
67807674
20460740
217928045
127758874
27375419
105435253
267172751
130644815
49856343
32491655
70078907
234222369
77830498
185334956
22852617
55119204
120214107
72283116
78756298
167619767
136416008
235549553
98649737
165962905
267362570
89310899
94359694
34117380
14287898
2529063
52435328
82095572
22989803
1927917
209854446
50365223
107363170
208591742
181010038
157219513
241083397
251088946
123006426
50478439
167988446
145859043
105597643
19767097
218142160
184353941
187386865
86122712
151468038
17601146
252085617
150395152
106912045
78009855
184512532
121199943
80538919
236947860
203295515
103528722
238875777
144714505
153893945
77803491
84870791
66468528
235023004
57518732
49122018
89593974
107997171
217110464
235453017
213594814
236877561
185159721
129513299
155828970
2846977
12545881
173430116
254932594
162941033
11906705
64506994
79018109
133106648
145045913
47530513
67966707
248574635
17970834
212681213
134033125
95774325
29116548
200501653
62361873
86635281
249623671
151955847
194632452
198298679
118973409
139791811
166740784
35697674
869654
54134299
38544652
13415536
227564415
25041790
176356569
239471121
89548784
255374679
104142313
234594697
34469736
172109021
214733877
52440571
116354778
80331546
148214896
145471326
12397743
210576770
232106607
262021414
94097161
158303604
191884637
213070570
29659959
90189965
248768245
30529613
144324264
18877441
43945149
103453224
43919231
220301719
74488889
133468016
207240942
178631202
99627257
241710678
82304767
45925678
25715793
198659545
126257224
173930690
75695416
138654967
116072004
39366567
132240925
210169165
197670171
55690106
154804280
227330130
145880072
135137069
257859744
21768880
154014510
33369437
125222104
197933741
253671156
199710993
62966301
192476642
109906740
162593559
165751865
192211507
208519237
191467658
122435597
66341006
96962892
198131013
204995973
213034896
237497580
68801443
154768606
166732296
124491549
41137430
125626970
1936165
176274499
115051258
23705046
61853553
148420696
148927150
259787294
133656396
80202688
54318140
57697583
190109428
216911699
223449448
113885479
156995480
146481650
236321076
223336486
243444543
166016633
159897004
188043983
135078758
228698447
74377133
33375598
84754540
115514563
159002568
86690706
23353606
5618371
110395752
85207159
154039067
259322902
76558998
19260007
71090134
130877138
76957590
261199562
79353381
31971582
106649586
236348861
178453233
74535206
191249892
153462320
240551840
82711440
73070847
107195142
42974431
147447981
140570740
127728971
262962544
31137852
214419677
17880695
36756223
56379973
103087854
190795290
47267420
179646852
210055298
118357554
42088534
18577432
111121661
121441915
50549015
217771247
89355321
229002248
23870997
12169757
114029112
264422837
94881197
187099959
103182523
137855628
66112484
243753263
265584599
60639573
6455660
211568821
78520268
43211883
267948794
181608122
234007174
46780758
92819519
175627016
165138313
134908053
194204448
7824518
256349969
244753463
225595765
77269834
205320255
249466762
89439591
50913911
245454144
184320788
238013871
80201211
53740960
35690899
55519019
50890103
96330472
61974679
262458924
174850740
105186562
261972263
88023407
70758280
40317565
180842926
246385296
205455878
47315523
172154289
213280396
35230036
148472296
170440705
112499870
85357096
151472012
201939461
136271007
128490700
117824793
105849422
208691911
171565753
141540322
264210930
222455857
237870794
57750153
216479325
144286079
162936716
210016132
232309486
233694996
250333698
144716956
211644837
187354120
192032479
115363670
132199061
227262516
263835966
34204310
71326930
80757606
185676322
4830936
217028614
45731566
122655729
54442580
254423478
25786027
195982902
250198952
248241884
165418241
39513650
196285753
41268864
202450366
137866430
5142894
167709906
119764672
149859850
110919287
38683336
73456873
226282957
170882397
32283933
221683468
205086708
103610864
34005618
122327574
108441800
251034232
168059141
231097529
37041357
154047163
256883556
233024259
135810659
236689984
130007044
175324309
164540282
171275908
109339219
33971256
176418802
8613670
153735928
57843196
119532957
192419264
131300070
77380459
94866206
163584003
30628471
31517458
267194867
64634089
153845032
107201211
47232866
53468717
69863285
84274223
207515880
58311385
48863026
74891084
26565914
178870071
250215393
191106196
81710523
91119157
225077452
258129326
99732827
110377924
47537066
219265784
34361732
178837136
28210787
129227938
73985684
58839258
160745396
72745095
123473348
46154973
179946307
170706214
99623690
249809592
254980437
38704115
39685521
35408007
113595199
66251435
214278078
95375136
257357631
27553146
186494293
213999627
17247016
17791664
55942095
64784082
237057449
90303828
243621219
265268236
219531766
49171447
55672039
111841707
121916542
179145387
157996680
33427393
81416145
257620370
14801529
67961126
27889029
54487051
103369133
141484228
120738486
49211756
236859365
109660662
76764902
154918202
55224833
94011918
172709867
111166929
158796000
141331860
201470757
133981763
138164640
152567067
183153210
193836679
264408774
36634297
104546610
153969998
70061690
185962755
143154913
84863220
253923881
171043942
139350271
88857559
44092715
260088757
138069315
12516624
101313963
214834217
167434826
156538797
40410679
71709237
267705726
199206679
213041097
200741027
64752987
82770282
84872638
247906197
8171505
80845957
16105038
112718116
234815955
86166729
30245415
109535412
171029949
15733841
12143899
41944764
104591400
56236614
33598065
242660715
68753238
134912029
189059476
236188064
23015370
229470155
39461846
22285640
160241378
252502943
223026667
224994365
66837769
39463849
204465107
75009275
120309806
220570145
187727391
86690306
38301418
217972806
196225718
209331367
233706647
208369617
251276131
69862591
264606231
16438741
44087850
64924013
151350770
233147326
32676622
174366140
194182025
72138468
196651780
85987948
56205955
151242991
42546857
123043725
190706840
247011964
198053000
42581191
199146654
117344935
129271497
237448072
66882285
57061759
178343984
32153477
265431377
161184659
102016068
261602152
177623400
146103919
58090710
60538714
110815789
90767332
234904854
36562359
162905800
163121178
122550307
219111755
45928713
165097164
73720024
236635554
143673673
3337568
10781289
74384871
120682503
140052786
43397487
187564789
197114545
221741471
219718266
194110466
114490675
53298878
187277163
23678619
199402797
245367873
84217334
41783131
67699749
50686732
78345490
230605549
213807911
200895797
181281848
259736624
97557505
255001873
227936722
241231178
258339441
238718011
47180593
110586489
110335341
90578081
29715822
39014431
43884096
249434088
233124897
158374771
34297510
151966604
182053391
233700308
128899021
266270725
7047983
196598770
48522001
85393473
158768863
262329912
17853814
71615256
253631081
115411319
58181673
213132347
88207042
48085658
183414903
135387635
158672147
25314788
225965716
188387969
64329219
1414357
169386601
29018661
159789128
203684112
180985265
73407063
168948964
41448831
71242332
175996947
238047601
119764334
261390420
128381009
113658790
10808778
199996265
98854415
126220097
258177938
43551307
214427139
37828140
226966210
81379319
196500288
252280998
38909579
116452801
48174762
40323936
17403947
77193423
200113065
221088059
258178688
5084672
121601567
31192063
76327005
29163058
804209
196091339
22118022
129185218
41314673
32926800
60746027
140169089
159146897
50488509
183720396
105138581
88316649
142251150
186517900
16381481
126096692
225427479
132834283
174271454
265751416
150238230
251464877
197429025
102890833
241208110
202513697
224492400
3964717
10405246
253655458
4768926
206496585
7338024
133954144
247811259
40264824
194700171
119544892
199411721
245188680
34829832
36114846
65069874
177080982
222632746
81451355
34742218
179624770
214285638
209013673
176940730
96088412
192043094
105934299
198979245
164815748
40012540
155036189
168780466
50417787
140256191
173549392
256914372
147594215
39068081
236290175
187859039
233768252
87399611
118835305
210521477
122229443
154950151
7155895
30874969
109147442
88607250
65617188
20336756
34457433
6195405
197277486
130545845
198238499
34776329
61089635
94618792
74788869
216125824
263399258
125206656
87946560
168513194
113685573
235540775
207581275
81540292
154964359
172914072
168939904
5364208
115000093
22733891
160314359
122155988
53608861
1026345
210763238
119226049
21363101
245220671
125421454
218640587
107331061
55224497
253416916
168420696
149843289
59770330
116111064
144807091
184976986
204057624
44884830
30227103
171162944
252466105
111767396
57691847
156944721
12271844
63056055
3509358
35005735
223370414
125665346
88614596
224396760
67993129
207840645
245759861
44778344
64826643
195964993
152109405
120051141
180946453
52094645
1458974
240716783
168205710
146266066
157258314
103827878
191150896
187485417
6555366
175181545
30817357
64247213
63690811
43089201
127303268
67200169
78094937
82238227
192865516
166709533
38199531
260858645
106114723
15523936
37201533
170941366
211488929
189310939
22557051
123999927
241405584
24016026
96281254
141175838
170282092
253539568
245003717
92997532
172589530
251559083
268179077
203406887
47370841
63434432
246496089
174674109
130634602
56155570
256912336
55064662
222865103
26676411
47487851
60544370
42200348
84689384
231485737
253689277
5564867
254042788
109253748
246970452
9623358
205535003
119710834
179905450
190639115
96279095
4467526
94793189
79402723
4211148
29764621
126773564
67645580
7825254
33012217
198280182
63980824
21489098
253344844
18410471
48165509
32397239
78954842
90365857
117086624
42005123
75619679
122651491
27612455
184873427
101186487
37235814
121972974
220897322
217141264
44176634
48740961
221608791
138969823
128143684
225819939
168734444
254917248
25030063
176559698
19494010
223310246
240540522
40983108
208219634
258950994
89148617
240616874
69470380
179514475
89268042
111475503
255134154
211919533
139087958
171572125
44670565
176323772
25109644
265567887
125029581
69286278
45873392
78202916
208256101
174017077
35587399
108555090
160498869
60617462
16679332
179992879
15492252
257219855
220975987
223711887
247735393
41689149
195893305
48770317
221203624
16725891
160245820
207902322
228645424
30898322
111038991
4880533
207222095
136148635
2012964
63816220
205434913
47886357
142019136
145255559
221903434
177606535
253810649
113966847
238223997
2054525
25524271
253716250
259274380
246500258
208992681
238574317
19753951
136450530
18909178
240957575
153176421
179154998
180424441
113386389
210053321
23027977
118266923
148839960
159176612
120279887
212656180
96176070
168166244
86239860
241431629
121634222
263846395
226806822
235601070
233634936
228861347
261125341
218915730
219700272
239190143
159472955
189839133
258944095
27488029
208748312
231466214
180664450
119467854
143455200
25615384
61085719
166483177
143882307
209925679
57224333
264162194
154146403
153400403
163892983
240386263
126396576
17091749
235797202
84767942
252692819
200996683
45193834
245382704
151476957
264894106
216137392
42514457
186297783
206646031
70002486
126610639
169676789
250666937
246078494
44696533
7846865
38728757
211179710
151729172
248654437
268404044
147455910
134365384
153368991
42913437
106316192
11330112
60005187
73677938
96098054
44262550
6239165
141291888
21209799
157716123
137750538
237347191
200230580
55612866
175557766
1797610
182223505
76799099
252464547
159866543
121495633
260311412
198595301
64239887
143605128
178814282
64208475
22625583
44744210
217577467
65539020
151060402
228907579
125544207
224738341
56570177
169806758
230977506
197862066
191016557
120258173
67177148
159928292
52053297
122790014
67050602
53850908
36578064
143849701
37879999
196444607
265345334
29755956
126604452
61149766
173361084
36983278
125358241
195986667
81727489
74500252
261525688
232787891
34972375
118634439
189090776
91542553
20005741
151632827
20969163
211022298
3455544
88146311
102515134
55508842
210936326
169565736
109359750
247514390
44979982
147239749
175523541
41889860
176995705
33692538
103039626
81921334
70675816
228397868
9472545
152403305
34462664
2562777
116755741
69435040
121197217
37411061
160977593
141202958
189043888
181946756
83789801
192499433
1657611
186304935
248008275
212593937
87435216
88932569
191672871
132415198
236172318
98760957
174305058
144732568
132453495
8909229
226653902
203129311
237307097
236126447
87097161
3334305
238689225
203852902
72769345
91450986
241263963
233746938
232653944
161872396
147258238
48008289
85936373
148915850
234313225
65509192
93074331
53312985
154441761
16311747
185728183
122178623
115072704
91597785
266911191
247526199
100507014
225129637
182220054
69378655
192820629
881759
72712961
163074398
204734661
145482306
254525384
177563169
110793789
218743872
71000109
258052027
266752162
156936482
138532421
232629931
222445674
231606753
17507460
108451979
247918500
203235643
230630602
94555748
26397972
229106338
73646491
126904987
185800519
255866545
196283642
110185692
256748305
561147
4824634
193047510
146043454
259350018
102175223
256837243
209658435
173175332
246453814
207975141
61676358
116550780
172169616
15686576
79722077
189677076
124138555
59205121
124477263
86333702
153760869
150875235
47004584
227407360
9344766
232805103
214838449
205628409
74555340
203151298
206189556
79379974
127763353
83797554
70294537
229938576
72199341
11517516
134678453
50217700
219492657
196354811
166768480
123226817
212041388
246490557
44468437
67744487
37260222
168945700
154078189
191021091
51385479
201082773
149992995
60730246
165452421
96395988
266358655
240007761
31111831
204112755
50952279
158875184
19474854
121246816
120378304
91674195
132764332
255056757
141891895
83821533
182976113
40224919
207048350
126582045
18280020
251516787
194326532
55540242
152027031
79969266
246561333
203412511
12616583
128118872
264142757
178069004
224514861
262065956
149641309
255626692
197743255
200593589
146066420
217218109
53404949
266444724
40456849
186169282
253066026
182348744
1555359
167606683
222573664
208603710
25753272
240853684
191685041
220079804
27958471
75276617
31613614
6084348
10253672
44230198
134203221
5960973
222299202
90282626
268026929
103505056
77473862
197334728
35663189
223540282
146117382
89068138
221549550
186574231
6801964
206180120
100487519
8357324
105351347
54625727
216961034
131104619
27043956
140210619
82748968
55002427
215487236
114362582
61086775
225740908
158592780
195289996
231701881
112456527
17137166
231293354
215961583
94611028
160192627
251624772
49715854
37874553
72257454
2829949
224448784
79059419
209010069
56500847
87416743
45925961
111126575
35942321
177030580
138170531
176152940
259779548
193172958
123204721
105706675
254259733
80510173
264299455
181114274
43776599
108320526
198251440
6634497
55846653
24427013
166827124
39035969
74142867
204701677
111293424
76972816
160715005
190352843
17547430
217215853
9334130
63473391
59906972
45276451
240503971
198077503
221429391
231848064
122815005
76198656
69119283
108639282
156708830
64983282
21318100
200485429
173303809
219569541
207119926
229150462
243996554
105511595
268186432
49703965
41777816
111044400
126676782
202492822
32961787
144224212
151273219
42295917
207697603
211180191
87572368
179766118
140822238
40566303
143178726
263637243
116764960
212298009
103841069
5038334
8845836
125159170
205523763
182149645
76293255
144208233
142864651
51854353
249719828
142615627
101558318
23062189
253660027
228235100
225555011
18186358
104023856
108392774
60482275
43286003
51137509
148054643
223052122
191959747
188620947
97795392
187161534
36950451
41657946
22567147
41988785
50503782
147726317
247512548
232653427
224019572
123285325
107082622
7438469
104569698
249698250
108996788
127631887
234922821
68796432
84751442
253109180
172820289
193144216
45155999
216106292
244281725
193210643
170722958
167806016
113396134
82895
86532094
150346585
41740841
109099241
192335370
92244623
256825559
171412462
56462594
212409675
26262331
163545216
219848145
130832029
144808010
60409477
258463916
111295376
129205909
74779902
95969100
33590742
267924118
141125099
249697035
243770387
65900286
151984537
143140947
179296420
152067432
229673041
61207549
193808273
70336827
253542919
17617440
58726930
156519925
74080034
2701149
182782257
237625251
222549294
45178830
113997805
14523315
35207291
225293181
143729225
109987193
52826825
177319967
109475856
193951925
158581546
84810787
259852211
42130628
227951735
170713176
194198060
189189320
231920725
119570878
259526147
217028189
137188318
49817621
105112658
211268353
52518771
19459459
180458148
6632609
64638290
26020497
21155925
99845581
251313679
164885150
209832774
35705048
73769661
50873174
229656973
232351208
135683962
221073729
6046380
95200241
123351449
200244440
15954105
86836718
51379862
7044797
35429451
188568181
56862418
140542110
131401078
109381189
160001569
43423770
116013799
224639859
69444267
137169724
56049984
52322490
33619418
265882759
88027539
107389079
48320477
49249056
71304831
184004439
1887329
77351211
10769224
125238778
9160196
26723330
212075497
60540058
33768127
247504948
249108239
90630545
119611602
112073861
200011735
11177716
155497631
47590078
235817575
224941899
184759802
23432104
8828933
218379220
20879407
96856472
57332843
69199884
146105529
128637675
253204324
147992858
205988886
263973548
4796181
215149082
22261422
216871678
7253685
56029549
195941170
256361924
146660095
47117317
100000330
78236374
58295033
255497961
125826452
25677152
212004404
42150798
49109256
220833338
260530018
69988663
49254354
49427405
139188548
195359883
178065080
123957416
74917286
115618511
119495508
79713467
62332137
141756931
28149689
69585822
197786480
224090859
57512291
76011119
2772720
157512621
154247493
61067753
144575126
11638489
86744906
88144075
53789287
135854162
40541957
45883849
205842826
89796311
95311255
76595918
16720739
4940879
200553334
91638025
120559390
51613386
171351492
182891528
193370317
199501181
252477350
122721342
155156584
41554185
198732461
157929305
199066806
84544499
218997058
75206477
96182988
37306508
163350552
149972276
173160671
203892509
195856125
110568041
25253364
22731924
187163959
41974103
27672804
119281837
133612128
148232194
170895223
36528164
62688266
95830085
236029345
46730161
218551427
122750474
88284346
148848432
12244323
18915697
233392931
231241381
94122174
61140464
112434
257472726
211112740
173273105
192929779
138533409
15405690
218183143
161265334
202569649
260157247
188938138
53416030
125333919
68734876
224311253
161862084
131423143
51705882
129455973
178153304
1821853
252206447
266437650
150670286
264450770
16917891
115627761
227256696
111040065
176768225
227369130
100077335
119445509
132206779
24571658
257978919
147612469
242754802
150808797
81746662
234476593
71311479
135162692
91375056
140046355
91038489
253237140
3034042
142744372
114257658
181187346
144566225
98028649
179189541
26801055
94043964
196107432
142428817
52865204
38712042
50761586
11798878
138789377
170207096
144005657
163361036
159750559
23182670
137680382
42123900
104929332
103721519
113435379
240092024
195096575
253481734
62695057
179898260
256515777
205439429
25720462
169267667
81570199
123749111
80021752
108371254
217793075
7693729
250800071
2222823
46405771
33126202
14021701
185195148
203333298
158027358
80120728
94648401
181210028
217801110
136772301
17703904
53087173
250207680
257795928
248183749
235253958
52055530
159646553
223334279
257494959
185367015
124166491
70629702
40680670
204188243
179000957
258473746
211881972
161365572
260696569
258287743
194491774
6282815
175047436
129389616
164310173
255168164
224038017
77084746
204533819
92374862
94788650
257620992
74147086
84149123
237369285
40965589
136204653
128580382
264299868
125264156
45511941
120030903
195893859
86192612
55783691
106459360
76230902
267665663
267824932
68492015
257517951
193881251
74774830
164129931
54835411
239085004
150862639
10437973
47734294
86961002
102812835
142522944
76146539
176959922
226672067
45080368
217925511
94441264
173660751
213789923
219705421
219172692
65385371
147163824
36929848
121169062
253623184
113160750
120399269
253012660
181652766
109481764
178458455
256427596
5176239
233293867
227077144
156038879
243731840
6375982
242999881
78109219
148898927
50710964
255069141
107135538
95791333
204559196
201576803
1016628
149913664
152846768
220189320
215299035
31575136
257119169
68032641
16762864
101844463
188431910
1340068
15061773
29478219
179798524
3053914
34654458
144656935
230131058
190693337
119953319
236507041
165257763
198062538
116970512
215968727
184696224
224106050
43324604
120819964
157247397
44341232
2298172
41658709
264530553
217597207
73233845
253214266
17194392
89996709
86623273
205626303
91336778
101685047
235104522
2699846
104738961
1323524
147356781
66434563
192016862
267310100
34506148
88839169
196937182
151476660
36372440
113197950
107147255
79697045
234017915
264394652
124038277
236316087
37617906
120133374
185477839
110851751
104912184
202672231
200848461
191535458
139863078
23749783
24785049
106532144
26449629
129524010
107855669
173806410
195958573
31437075
172681054
230464722
120276244
101182780
113505926
156648684
214380731
220653181
236345729
179963190
216612378
91948551
147843821
254230284
212081925
64886204
96646579
48558654
267558436
29059584
240094112
138986058
52809367
264879161
245518203
79258996
125967715
84938416
253065406
53490832
116375491
157311004
15520098
236651735
258493785
129026025
124864963
204439060
81243750
92775237
115966794
29420672
184723788
263810615
15215500
128370257
60261364
111862080
176928911
59384344
140921664
148587567
198370402
193731032
145031272
175453149
4554572
2563531
260391565
257619979
56054364
108331600
146495527
71574462
76547879
136553856
200600487
201412843
72557460
13408782
25752624
188524254
42829454
210476412
183899414
58044955
70411213
244160778
169907035
247340125
35109666
42393243
127492236
233480068
236124275
4088053
140497762
240678848
6651584
132453871
229863371
62705948
240785472
107923442
134280411
48897895
244477299
66445442
250310738
48599303
79854224
7627906
237123558
122683679
218104318
152587516
180728634
20080076
128312838
82200213
267420201
163422504
124593456
126476981
128467116
92282276
130565034
529422
64525668
137216619
132983294
25953583
199922567
105333310
133877025
65767522
154231205
109918868
132212965
136106488
158518172
212067189
143734394
127206274
66315412
93403257
11358334
247044046
113483333
139671172
60808803
112468078
34658220
185402260
238945059
163125336
9249080
101074638
163654759
73774748
238291257
28202597
99728331
169778368
133535907
233605356
235545891
19331656
75088769
99323400
155438144
233606941
42955133
30737083
92377759
109270546
124140340
103736093
87879136
237623673
243407265
148687940
81656295
9630029
65654744
52165898
172755365
74903824
153240536
67974668
148678572
123096337
96177265
248406903
24439250
229713172
213576803
259985141
249044829
20230116
90873085
136047517
253837057
133828218
166784600
77779360
243098764
22489484
181515453
62542445
260113157
156487262
211230385
73333996
166117291
8449673
125499895
70437201
83353497
10304975
138411869
232032069
133401313
234589135
212003516
157840563
195866851
157144863
149390248
176476224
177374980
240263333
44088286
162776581
105656095
210872886
240555942
80319404
233362371
153635939
142861849
225040072
41687746
85656778
29938613
207805037
94106451
155438508
9806782
177459948
165743483
148218652
141056561
30709340
114372331
84624621
188549903
41803726
241769484
69504695
218279951
150709008
41332572
262368237
45050134
146988668
204805667
17170620
227308072
169732582
170806559
101734465
126337199
212494305
187391243
156275812
151863887
13062238
43278864
161670669
190522186
209022347
41453865
63143291
239731688
155826196
147767912
159846135
197629923
121101940
229350831
147474418
3375493
2247947
141407199
48425627
149236615
77777410
65596247
108109231
247509993
236402806
209843696
105411736
180461656
128799483
261687548
63890087
141861721
36530956
225560756
63948451
245553303
267014622
127091742
216849535
154405362
6424198
108260215
83599829
127526139
69175590
231074247
130901632
71423537
104045990
179327259
220660153
181823401
244923506
60333928
160897938
212890856
1742169
266309674
124917056
130541652
259561766
188807143
3967918
27657266
145932444
67916369
4775113
144511610
195008112
221624649
30481516
201432310
61449408
114081346
60522993
130624998
76720137
191424625
202048535
180766128
102316428
154273232
94154073
78804478
214607161
255052011
23259879
216349330
252926229
148176935
78455526
244052539
68548623
82423444
3274349
214481067
150339814
8049462
90557221
76912470
229674111
121038737
9909324
22688063
235120083
70432318
153313061
43404765
261856943
86926141
224170893
95737916
241199373
49889510
174542394
187371078
36506065
197802273
135284952
20996838
77543753
213740479
265049377
146092376
27728467
268323726
92137987
178068281
7937732
182695208
254980751
237611844
35298489
264890076
260299907
1983117
66886938
145177513
45387882
60308425
232103654
1123319
156046341
204867571
51012829
62153280
123803194
87518894
259955553
259088146
108515732
69063850
204393169
105129653
215156226
232121637
105017923
38858757
141754462
112955655
221553965
128299758
82132043
256852455
124754378
73996495
258835572
191641316
219174008
35787998
251949741
182842206
36911317
139560627
119274321
87924146
201713907
243077515
175443040
193234004
233730206
15523316
262297855
169687919
120652969
209018625
133374100
225670892
247877383
6693107
70191091
200995892
134992865
152323135
189412891
259747243
226319630
179813007
182953103
177058182
215601005
166467388
91464932
252512322
37592559
210739253
72001012
239306466
185381313
247444052
164105015
150676063
262967368
157967414
51928526
115184881
98550583
185302627
72420317
77992510
191995734
142611409
10552947
58553143
26499088
199965838
49864930
252818718
111343390
232818033
161441444
58508939
130849965
252906376
42585806
168442525
195210173
114586818
139313535
112156030
93595415
34983094
262832093
88127327
192950508
46325164
203312209
23065636
231627791
7297070
101058146
155188069
149908479
111611093
213741212
176407567
43141476
263606142
160790829
154484866
227988719
53796817
212993805
90403228
38267737
255579611
258845753
233477911
101730974
129723833
77198485
195326389
164706927
71595123
15018260
89221980
117920287
218330469
112287616
81112622
225627540
213345762
236300691
107100563
56521400
181606447
15072675
99662876
176777133
175863504
254147742
136330396
229660322
198706091
226733624
267928059
185850247
217143922
232970514
19145765
78432299
41733544
214472154
243139226
113328667
229490414
63925750
231248954
179385428
176213366
43926120
136577512
121123673
11791355
243678075
177645073
193397802
258750750
8872493
101739479
166178799
263020235
238069875
127403665
193290870
196368043
126896268
110705661
145076509
91431327
129851426
223508808
133164871
75888124
198212579
246493538
36943083
262138329
209307036
216328511
169916240
253233156
84470567
22604457
265024511
59713186
200249530
189986857
50028481
209122023
23290880
216207280
203706802
261360755
75175489
128562216
189293342
202071757
239267878
65934396
25067628
100683848
21007748
158232499
176571973
219220327
136290581
213515056
212923201
77162161
161408111
114403985
61959861
245878678
137008442
58548916
37156408
68822516
248535773
87184889
9509083
3391197
34956713
213215885
264751952
110132202
73342645
185609839
43768504
44175067
251544235
68836132
144858916
4116527
227068632
52995433
223336855
94923757
266510489
167824600
172085919
159483144
13793129
234045780
136926366
150801571
24159241
174082774
219624087
4259558
261267664
229133170
7650756
27788921
173913599
3967252
137921124
247256244
189577091
181689628
22995856
172685870
250525760
167854772
176802398
209158936
220850205
131703797
35647238
218925238
31092941
207733157
109972926
44886070
173343481
246899292
195687641
197502722
152546610
146876272
201762281
145378818
107573986
209413037
173167740
13052129
213380289
42653408
260308373
134521925
224343036
14868773
38772339
206433340
182723545
215574737
147156821
135138294
78843078
182804059
85628076
109936019
122101760
195601002
154822089
27009785
174064838
82074274
224512508
58175993
228950546
157839333
203554811
68089076
98816914
108287095
81141205
43761747
150940503
73014123
178283672
106848083
87882896
217056012
44845968
2170986
164195293
192002789
137309280
243038372
106371392
222937357
84538935
228473152
150102903
239361025
255482937
55732286
52999843
211559989
113908279
13514934
100963866
49027634
81604010
199780780
157314730
162745216
243542528
39819777
235759339
153390744
146667861
55206779
102011300
191513829
57377765
266206594
115081162
194687046
240809510
221452554
149188947
56912989
181490250
30856394
27838558
168537731
86588680
80838402
111662265
200496959
94353336
212626131
249524594
175957346
143971456
138403868
70267106
119078528
178223645
37590989
4033816
56456050
92797769
106045117
247969879
150175534
103816255
94615585
76427124
76190309
47632683
225616071
133103298
229122933
256472466
160941857
129225209
74625690
241780259
240887474
6687194
67698139
185078149
256211788
243655485
60614149
126180200
45487136
179692677
35968389
83078125
183726494
92424440
175875894
21336155
71958863
57615973
125152410
166574449
134043097
201342719
214207132
91223713
66010561
174894610
79260723
226952418
35684363
153886413
200297221
8136381
160573607
267995360
193214530
148349939
243215390
253828680
6094683
20267070
165085901
42063073
103345195
80376939
134487513
10785634
101713094
206446376
68401607
226865504
104585369
202444704
159772767
50357046
25232961
225783329
225251656
104493684
184300291
260936019
258380098
116162057
636944
150518249
115721961
193851474
30432733
90501895
179244698
36527416
110768965
75895144
78590489
214114161
156272083
213078002
224899795
257985178
151088923
24865946
216415226
255674292
227310650
107752538
37595882
252543612
65100411
262847538
88601840
249400702
255348101
78546482
97127303
255985045
229064732
212849265
181401064
259497465
34915704
92210306
27589425
145684670
168105450
106179915
91363375
55942078
50822461
47827714
45491800
201911384
72693660
261907026
189150221
31568854
101224108
226746103
15677010
166324519
221158186
104278851
147289766
208070831
182825333
244417069
195620421
143454609
188830878
108586029
134516618
223746583
200796335
162106044
100995797
100466330
268285959
192359172
156408408
50672964
240186886
201900208
252584349
44445090
195371778
173299114
76013944
28160431
131609761
91690955
194484950
84332491
195969806
73339260
23967867
110359683
49320874
219588288
253814293
238151752
59738861
119895455
193462879
260535196
13566043
26023220
92566070
13416546
218382392
248974478
64089511
190133822
182439230
48238404
234578912
109375553
221537518
42157401
137535984
84711823
133848356
63585478
169044315
61382706
136924739
193012182
171742389
186245613
144165014
157121226
155961909
203903875
8581226
80989333
196003615
22147269
107012553
20134230
35563816
56959490
673252
99653327
247093312
183112483
147891731
213236769
24052580
100993793
255394170
161588564
185705616
120807070
225174042
86314475
182189776
93663325
10891201
85496709
11473482
155056215
242617936
167435392
90524634
251199162
248424725
18092794
4910975
87001822
38227024
40474791
143961312
38900276
140128118
122619169
222012759
19584393
67420482
246065339
120578186
54379196
139218447
37848347
175186266
95957034
124162822
88940586
189620359
135054024
174437295
201093842
21674783
148619775
100093778
112199418
131383481
80083047
130292212
136294457
167084869
168519236
176769248
42610726
207419512
48461911
165229895
160996816
68046304
232650377
138626699
188624491
18594117
9409691
226472838
193780383
105366725
82200204
14285513
26551628
217254228
188722808
227645470
238929012
68907128
59303792
82692974
200290609
139386839
212985186
68149610
38036253
113068966
244918859
80646979
52053022
24945314
245876874
213049838
92991618
210091795
83241082
13180653
228685912
92650773
239653491
154030839
198017498
53418240
168316352
224569126
2237012
88603704
183779141
241166024
157510832
243082933
55423542
89365986
114034317
268408728
157515596
152070570
113042238
133998999
232717549
165095261
158944313
210158967
109709643
251935932
151815306
192950725
265116585
112065762
17166042
236334621
266096601
215183540
21317405
165977497
171317211
23554417
254581201
86660896
264720442
143656578
61308373
51708528
233022564
175342690
51681801
122102704
58977804
164724039
256101704
23259897
61383844
146610561
233418864
171093488
130111037
116798714
95608757
126792167
228864476
112774800
94691332
226525621
59522884
116008737
124067662
230840095
139563154
110213408
49065535
135848140
253869986
110373909
187556669
218457094
17281143
239238470
72124342
76258948
135527053
59790590
99518845
196910898
206401152
64502254
99568930
68076733
181300968
195177687
194868900
141729989
39517031
21124776
99820154
99039916
137133513
223887817
61444555
8261212
65665769
110510091
144109352
51100299
220884000
63230565
1121937
238165143
34033579
73246279
45988635
169560633
133036870
145507481
98036075
71002566
210009735
197605005
139079299
122875247
124347236
65512744
264605236
163864268
86637520
95989935
262904184
223771034
51442296
55913283
232032246
117108065
166423374
107706142
168208364
118871918
170936708
169330301
88601606
204970287
242576580
134590241
106095464
107177994
11662266
204131539
178180560
221672001
133301088
48824404
76111793
257648325
114337148
72281573
153077137
200974668
168271508
147545865
156310246
219713804
203459148
119907036
68386413
101447067
227613179
236594777
220318985
130114431
137489622
40485135
66649262
111630747
175075377
172744727
218808741
186737643
108440810
128553846
139974189
241741899
177378250
216085982
230954768
23279942
19932099
115596449
224254610
188203608
263142314
112129401
139481956
198166006
232036437
207868370
31177617
191214160
176027691
251496603
52893135
45081858
23546282
119542398
156712605
198621659
23851669
107085890
116923847
132292479
235639736
256898036
105598922
144582530
204548562
68118234
167862472
224480661
183714683
123681627
144248813
178421541
235811028
15295314
108152092
199412009
223163684
139329709
122190714
130755919
122390856
175083849
175837777
145937139
26190791
64114926
76123342
50042460
171200817
193047189
182334940
138405097
181509769
19498406
14552172
117622875
87616641
182414644
73668081
2895868
37660815
217916894
181317410
5036387
233212208
21034046
204448397
187940436
160363755
58203655
50260900
14319156
233287504
226098677
160256295
259478296
21778148
236379637
41085300
192978965
160991371
223420240
62948606
74065684
242918647
77500778
191688560
62099832
259915423
265356641
64995700
29140782
214838079
246313110
34177170
179614832
267347156
238625567
99119812
159275456
28393766
149380712
173594612
261681270
107043934
65415451
252724110
128822082
33359632
25373955
53365591
194351003
248794195
116314197
268416688
223277386
193814976
191669792
16941762
185294943
188590977
81937463
214435725
134993600
59815117
248612895
46172976
58726818
218803006
145292789
218002274
247196772
26238045
123161430
240442587
133281979
188576881
224731241
262104061
221936513
250105196
47034196
147852061
230463936
163348394
147833293
185305866
88727914
71067629
202247629
5587401
259658606
15749636
220023126
126216750
75564753
200200566
172389727
134291571
150568116
49247060
83858389
129329433
75485105
207019819
101336564
208767085
127161244
57632349
202435690
80662302
39302090
249469887
228514363
1330570
144382825
107912200
186636436
233110739
178979829
120448609
238698140
170202979
136198245
190285810
27984273
211762999
122050920
200374000
77619114
4183581
249621060
161477504
133513014
56670710
100061867
234849578
265437795
227223112
24046471
199438029
39449958
63348561
180472460
267964321
64679131
56419829
107441065
251315568
21095112
17985438
103328721
259793252
188188417
239526967
181643607
216172690
182854510
35259071
148111235
260473624
39442652
129296839
153515672
172955666
185967549
253577540
139369788
182969888
212365196
163416260
113972462
251815154
226764821
26009466
251344019
23008497
82429296
90349628
5888609
103524408
108335066
109217330
94882205
28088027
80308841
8090356
244260717
263163351
43349427
123936496
255201520
82792080
253233336
140281736
255747746
170765429
125423820
126682079
85299862
69353560
21662883
199272324
52733258
248427704
225281790
35641821
3000745
39275630
125991449
8889354
142800039
234326515
118106685
237682244
262414542
198415526
245772600
238239804
193143422
20686571
93740844
179909486
103478651
78538724
51755766
90790942
249304154
177179587
217473021
66168560
246533147
239135904
265440884
30830950
219128152
222287218
66472771
222128898
261562849
192464221
231018252
135927432
158355280
80689481
105174220
152334367
10669552
82511364
122138715
203812974
103197935
215879559
115287004
206676587
25982828
167042770
29032073
6851526
75786901
246505094
73020086
53884593
217205542
70025514
84715543
167898238
23877276
151188314
121591680
17004669
75217079
84174477
152932101
233572360
164863958
258106321
117471271
175533510
72182229
239609986
110911028
175380165
187054089
226198032
113621296
213036917
124805347
142653369
219888443
200592248
120723007
24473073
254476841
69493093
94498587
70756928
237391331
118375864
221945243
90547556
135380533
28726866
174722033
19877179
262299226
71150535
9548044
111335041
246684046
81730274
82509571
89159618
257110439
1128205
46922195
102296279
214165122
171727542
244949648
165618110
103884334
97237199
190091183
89925720
166730292
16154315
160682648
135686167
134530179
114192435
226233723
1475256
142919302
132520300
21352435
136783072
203670836
30900480
248118114
181919426
112630754
62192229
2643588
101305737
63320434
49565783
203602016
9050101
221293325
180116208
174668211
56742204
8917951
96323938
146667924
175648243
112478253
38915116
42898954
247008432
153107552
697222
248483689
27591398
133217522
1400668
164374470
68452902
32301148
144057128
250372328
144931902
206249358
253015917
246237639
1134336
34146244
181404199
10184437
255439570
93084951
184852648
43746318
102002902
12741131
190414242
9215689
125219384
229329358
52114644
103792361
114001454
52811866
83840594
141592852
186029388
85241262
37531867
254482291
117542411
181588995
236419163
262474313
119402897
220999624
240276497
120537234
255145869
153245240
130721671
242149983
246330192
47138864
17460845
79897638
59879995
207875087
89113328
185099379
168768989
141227972
20456284
14334988
194039838
104296878
155927840
111633770
189538141
193459707
97680605
38645096
106613247
65664313
32683953
226016144
18228481
4524994
78117922
4938894
157770235
208839594
247088877
135664971
255978458
264549722
215562609
47422997
203989353
36240481
232522376
104322887
177468453
252978661
118657875
103072835
88840083
6150259
214706606
9942768
199609967
43951755
48587864
37787758
109616068
81271818
263803902
127844550
85796812
73486369
132783444
243567047
13890507
111436866
110796562
1433509
107551132
57923716
48856506
43105030
94164197
12943426
147427917
3197195
265922087
266085792
106270030
86326715
3800595
52541180
96269483
203410562
96492936
144857348
241198320
206109004
226129166
236566767
65518098
43490522
41617680
198301543
18622114
55508187
41302953
129418676
56941696
148854085
187342392
105798202
191959115
13071134
118741628
70951576
16268329
116228260
68601912
122538359
202554975
72402508
175079540
30389002
7377614
3137020
175246350
248575935
209246024
132940060
216707246
6328667
176430583
258324926
204630210
195052697
45397657
245933163
56035917
102339353
126351792
243378310
208137555
49875452
256449444
58443727
120827028
4282317
174671987
189428941
126820676
108791506
261831449
33464760
139180509
773607
36601780
45991403
249349542
245847805
178931464
197621332
252176472
86926591
187510802
188371226
13543832
232908459
165868933
69579749
66812356
23785269
44522603
6514455
73660721
32536591
64958183
194487750
36818908
239630170
115481235
163639585
79986221
108877228
197104345
219166730
109650835
233706126
265158133
90564922
211118475
175654141
19750798
194859491
262580732
207261601
114795261
7689108
171734604
12228738
77268858
238546961
36014007
121791461
245061416
109674729
154328053
41584143
35727023
191146961
12778858
151208258
86351090
92765079
260085486
15019980
43496353
101300865
248726106
40219030
191865787
191409125
215873172
211616586
117833160
210018448
150442731
232628421
217707557
53741879
244857159
26540959
23853384
12435710
148332420
479345
122110439
34225017
42063488
157837462
225371979
54842346
40610264
43287613
147607425
32260294
58307593
191103778
133561160
38598243
231322809
56991491
230007368
178760525
172621
79405072
120343517
150615352
43598037
69615618
204357232
20019740
96156577
228210616
32455451
244488998
228689961
154565890
10278559
2317994
43967897
235650538
57160340
84578161
10502696
204767766
116838456
68810289
127436088
250399616
107408533
90323441
38955651
68980445
648510
39128273
148385518
120992028
189743625
191983555
190607646
125665401
212003296
18328768
85440562
244458747
262817766
45695067
130589181
4660869
48013061
174557078
240311408
105173402
259135240
250814104
41505712
107538240
51188937
168941800
89502400
158597470
259265242
128458051
227577916
259913752
167586324
107527978
112470324
88894494
31076077
34642515
214559895
243079373
52971283
31565001
219102664
47353593
77260069
81256390
52014462
125273130
255813468
23890414
230446532
246513252
6269062
3516788
85616036
57458000
172458589
175118436
216055470
163288375
35141032
175197930
154766671
202727356
14290452
267236996
23186394
45366530
33444055
237746290
20010447
86415338
875835
239113112
133768931
78135904
51934046
185783393
203409035
39312058
209673808
165420111
17389855
215942870
168936900
103005891
4965414
72960033
9688872
221020885
236248408
44829904
127783359
122579623
247557260
142073812
121381163
2308199
187440342
154825218
240054489
207450789
241240556
240930324
178128445
106574031
50630773
230062491
23921969
254039808
939094
233595777
151024463
18328949
181103191
51525907
121334840
186068606
124485940
131023712
138654035
92298892
175853616
266437394
214878516
154975421
140075750
67824223
157283620
59080636
222649442
128902653
266531426
195454542
101397521
176224415
33593118
152028294
137851451
57515087
137632646
138790545
22675408
20221654
157119494
203778599
71747561
10018878
121411749
196233502
141042591
260065784
20096938
48460751
258067723
234975454
203436172
129708017
34364222
92284336
188788654
257013664
221186989
186884624
184032750
54149055
94673583
217625868
206177349
232525034
6705499
75374540
102880123
29380907
95596194
259999617
233159507
167343755
1583040
86135800
95141801
142625631
77766129
115238740
191086382
67398396
81778738
126087099
197106413
116142960
218371435
117459611
104721168
171122969
35908779
20318463
225272024
130582363
237944331
163013917
94671941
244649831
238388457
197552065
5595282
65549195
189116226
238754789
232892951
190699266
56455134
59599296
64889441
134221263
174838036
255975824
201619659
256616775
113627467
130290616
104324279
63563446
247750228
209045448
234686415
15223551
229363911
191522983
145805914
198872786
86101445
240477856
175087161
56054446
169594465
180682444
121603642
90275235
151001777
86061137
12539046
207456911
145660433
77428487
73242718
52063014
64968855
6426921
40244333
178596322
136717538
144568612
242159769
116032310
85178604
208410728
131255861
46107059
131498256
8626320
244979846
217599701
249104176
151631551
5218691
150263185
63878539
126822333
240538420
214880317
212883470
253077466
153901772
90108448
62070498
227144491
142171462
127039353
233571412
182415795
37200220
101853494
58548951
10924533
217885804
143727556
219335261
80706210
189834615
82398061
89332530
166379005
31562306
70001250
49575101
36780998
220264435
113453640
163603331
192367399
59898501
108051346
177009410
213800274
198159794
239079908
172509309
71895800
97683805
137645265
254311595
134884025
239498760
44425090
145808558
188949108
188152646
96708364
1219862
109551806
179106425
90552392
7495355
210668732
160553642
57070456
247449730
112382621
170524097
142617605
36314565
230422598
250668951
213323975
175787416
180393289
183968427
79861269
252289089
13216776
217506535
238165228
148100802
188569839
14154863
25473904
109083491
202307509
122182268
110303354
43423859
32853238
200855746
50919215
243521970
92973933
107989671
222536244
205356554
10078312
96718393
241671119
240500911
78951889
186559638
147852871
259345178
102092609
227714141
243198812
115309386
176785220
212928584
263410188
96919603
227083447
20448636
206003094
160955501
142630905
47870992
204379360
175484143
248726739
255298575
150570657
73265216
94852791
104671445
10186314
104931103
201389838
251857434
76996558
11906271
169981616
224849430
2815994
3638770
184128115
246014806
118948156
92477879
190507934
113922888
189397482
149155926
134371524
126965120
41675971
8566973
174836113
246055331
184051116
155127396
232918451
66186317
228392612
59335786
170857762
238578926
164266889
103812145
222000904
241263448
115718416
123547065
197677422
118534410
127185835
113370081
96113760
246133991
205847960
18186239
91621423
126809986
167342165
225992947
253775106
209018136
234559921
160175763
186638011
150175581
46867703
151121006
216361899
6824859
210456792
118784205
245403786
106288226
222596350
198969234
79116218
69879311
54080843
8358184
188413721
181266678
121728265
16092026
158965213
59140769
34278265
250586636
185950755
201620430
208144128
171290405
142203110
174268593
63030713
60405665
56008718
109898416
211526672
3935161
116723276
153548008
122719367
93691606
259836234
76880261
24225384
70516996
146759572
78306228
78875180
66737838
259572906
200603445
82829864
150102664
259744214
117108129
132253844
177259513
50293103
71962516
80114463
192496213
246231109
143145176
252901878
33804372
253043592
195993094
37739533
101331412
81105647
160458900
195023018
72506425
237339162
219248403
143023422
115663278
29119175
221898602
182401116
20256625
154066592
265230980
170359289
145375350
113903653
34177678
54199408
164196756
106140194
134313871
88257513
83935848
9023591
72723936
117740220
262067183
281574
155479753
94963140
81387221
47503198
21550702
153893647
16406904
240799105
28481613
132070182
1482824
250380215
46035843
21739450
136011351
42831367
192098739
12951246
156735021
226276417
67150654
52496321
63981156
201464525
140753835
147917004
210488116
213477771
265657224
204119843
213759345
152701521
30647527
26711111
200204719
52198230
180604758
216611623
24561879
209086371
80246350
26044704
191031130
126282193
47784154
58607026
169113560
239882893
71558272
57413125
197723855
138708926
109909447
261705011
71737995
250663282
141186559
13790655
195705597
138408327
217910498
141029486
22674392
248558026
167740597
222879112
32320800
79909899
171055279
56882679
20560814
251301629
82927383
211591945
109148366
130711537
1763515
9826471
102158975
73321787
67239596
31447374
212030713
177149043
24716929
15333252
159376869
165903488
29123907
86647010
35876359
247034405
227676497
58550751
227156975
126981638
12994407
259477775
206891538
184049687
47924999
227452352
166915860
130852382
170608841
7628771
261563920
172372356
17455242
95287439
245694143
84694838
126734813
189289400
261843882
151451742
204622652
152785295
48919774
233746559
239432306
84796133
212345509
198673347
143346884
171067028
57219529
156341292
162109348
264111067
71955523
210034347
223127964
238871383
72451273
125301349
246500154
65579737
29238250
263955396
160867176
6496937
80214779
19166533
195786338
73623205
170618275
131973534
226408500
219538049
97284638
197405350
35898726
41194691
127643241
179245611
212261719
184862771
67151447
105935611
180538382
139106970
47534502
135230890
109542897
119985776
260532240
87607596
185565513
21335034
83127536
77997234
27831971
163342315
97163767
223618309
236965520
267782043
87156388
194938565
218884636
184441026
123908459
254783363
225635717
251551701
165593518
169461980
167979016
232744965
6962136
80081942
103416479
54496638
215312833
212959376
174482414
207409617
32131516
91612472
228744651
115259053
169609706
256576622
10165912
266773473
211759476
247131433
266120060
30480408
173634542
216569241
214921434
29107545
202917148
172121695
12223790
100075210
73148219
180202806
64384719
80110355
260284749
167801198
134606994
207162126
112325118
40653952
146136287
144456635
132266424
106445482
259715688
33440674
94586648
1446144
31778692
37910668
248577577
29463296
68391076
153776663
246032537
14877054
182884209
180514229
186998749
195107999
12153983
260146969
106875350
76538702
71821868
98724643
244339900
206428862
37451313
88229563
247082815
183587600
232686198
110913783
21597626
223966430
144354458
116184274
225412574
176133150
154094943
205554696
205596446
222486019
90895903
183193528
237363074
5344656
95272301
155926367
200452656
107426285
147637880
38892550
183964987
219459749
137617193
159869432
157453155
175068506
248098995
136100514
90220650
212349737
247014298
111818276
167880711
122933300
228002550
124857829
30630994
113662037
61977069
236227440
67712601
152872973
150985512
36640219
158217629
246257814
192566586
90234829
85248643
71769011
129127379
778174
22793304
266744572
160647606
180246459
173377622
140311145
47911518
263598272
84225426
26490360
106981092
252106137
149423660
66548187
108528511
180054654
180210224
170505580
147846638
247922825
54943097
30396695
16127588
213160727
8219053
208694175
34960100
93467696
12027730
164087480
94245870
34821034
162396596
254893477
215067493
67338763
126769166
262979011
62501579
210994593
21033915
169482672
194665274
170457575
236030859
34758329
82076773
147805627
205263910
229923412
127292997
260207007
260320107
143420585
204932278
103704
83679304
239892379
93571400
95707034
135544403
187817270
130528068
29505543
174275291
77160106
96844306
32609002
71703661
159345886
243603595
92737577
60393102
169833413
263195152
27988505
204591743
76836470
175794132
141420197
38324426
34651673
133191748
30209077
178072259
69688571
30312781
261751563
41145494
123884181
89023142
176689897
43265995
219551210
206195440
217541287
28275860
34604291
250150289
99979522
193950177
225318428
192717099
254343279
126716385
187476795
13896328
62872672
264313265
189690460
204292869
34202235
224342134
69049162
64411312
133978937
138737733
94724093
127295044
179883227
218608274
216318186
88137668
261874270
167433941
25897652
210980101
195709801
60501943
192694934
27253867
254452120
149577906
219970966
240359943
7858835
139012306
254256271
70731508
134890115
175511276
6588921
169092351
131417954
75638083
233503663
265396891
214375816
59792301
124256479
125823587
9965119
72139210
213961255
3403933
239573151
239858908
214384034
166847496
31925395
138643512
194101364
17942060
19785962
145636874
258302003
27644798
16213724
244122819
98376306
151103840
151198639
104965227
51760735
14181137
180603311
16828942
11142572
126543671
76621243
135399051
252367259
86586363
207538261
197893058
89990296
178675956
169316510
35938875
77087997
201241906
174582387
2753905
219183966
194368350
148390779
209050513
222013148
164604504
184737876
51953998
47272888
67501059
156919225
99033623
81682196
69087080
115862565
92824768
195630752
192483809
228223820
179562555
10634716
167326625
109020157
100625012
77567126
9901212
136563887
154655123
211143118
42710819
157409028
161891628
237079169
37364351
102506685
190656861
201968855
18809106
242610859
249241743
86310165
131094628
79839910
167992362
200181709
195702476
260817130
127377005
119750829
220605494
38504104
130385545
119496664
147524261
231010557
197063790
157425473
99138989
83283457
100133135
141849808
240692485
262024763
110493521
9621380
96095993
32714926
211590236
114905099
6890329
192396523
201215264
137984957
3800978
100772170
69731210
199503454
93153845
197108215
50818827
45323883
235612319
181204372
164820547
114701125
143779473
93448881
3691142
242918462
176732338
103824278
116332814
148989367
97413585
226826335
158610748
193509578
259541261
101765528
39979221
266431590
25726595
241194486
135981092
29527573
73531200
205712302
229031027
166685045
134385062
11414398
212008929
101561925
192618770
108394020
216263050
67962788
201842902
219954193
42445794
110139784
55343015
158778609
259129152
152756600
117169488
149304444
77830723
108275294
251069972
117809944
106271428
8361111
90568974
242252520
37888685
164100175
179529367
266919712
62349764
45478973
9898655
5923237
147040898
202517425
114317258
94868493
2044757
47724704
46387230
44490552
157864488
101730245
203269161
148558184
254486845
52003193
29427172
63882112
160278487
12061688
181692057
266549916
20422800
3825575
240366980
58311485
167925750
151460891
56795741
230275515
196939864
66694396
236198752
75545307
776366
82080554
170413800
2821123
129805258
216801030
47311675
19234291
50095819
250580836
167792475
36147208
34148574
197219648
100029321
194427061
209281336
13285922
192541521
229704136
17111497
164473046
19580165
185037248
47498481
76375907
146877307
244438346
143070303
114640603
51548197
143846669
196721158
221961997
146667793
58090960
170327571
193979468
77325251
220423390
176124849
245117727
256570598
210273423
173901919
88164463
136265028
114747799
101450385
60371094
76016480
118561883
224844140
95596645
35163675
3907165
171972552
182040982
248345511
46607400
28246129
31458252
190454069
224967287
253420249
68686406
14622792
155312364
262665875
91948043
107300298
170355268
68630314
95435441
112193235
242532233
183599904
248458263
88844577
16614834
40393901
164861057
135176717
265238041
260457702
170340392
709751
163994799
83945918
249055262
210602199
112192047
12078059
132620812
68723879
265498308
201307219
83346671
152375217
195537638
175294714
259675515
97457450
243925029
86675500
209650685
218021806
1839949
189673492
38430927
18454783
230067394
203291984
153631500
226869979
195314231
55536436
227579730
90873574
139482354
208199537
33040317
251674401
220277596
165661129
51962824
217340448
98532892
135309495
101280209
25635074
42168754
92520269
123092524
17658327
179195769
64307753
235680133
181035718
253981246
5675605
199490501
215613184
208967589
84686545
174047707
135846364
140222981
133191982
226719938
11269879
72956063
259760255
262944281
24798203
156985929
46471649
242138651
255518821
181781145
74983405
12718440
223949899
167503674
135810964
241608226
78263987
200118718
208852903
259299706
185664508
214528508
190354751
132842236
155060642
6605841
38454487
22471550
146828822
171646469
249191489
158098702
244602532
240516288
152607527
965279
129066761
199079176
243103931
116150127
112424865
49651880
128868567
67939308
217155554
264679531
41112078
26984085
196362793
249964982
17848335
113591845
196058034
208203087
246434081
82683220
214808928
16453113
105154771
93202294
188099582
85910804
251300996
164266659
57991636
135473067
165231938
187058398
66116788
139900413
34773069
178541653
189552293
163641636
246480962
138272391
159885711
19157584
165256477
87813049
687110
183104812
201404894
196745145
122872443
179403520
10992909
69245915
195856633
116147680
162448210
115520759
202058484
145313750
11351962
260050121
12351362
176583901
178673063
78468150
48048858
213446132
257009803
237601152
108652312
235055309
107438087
102567
254212894
4259108
87915616
254900004
187363921
20885055
183209693
41800908
200288575
194202603
111046824
127709752
41914827
5059578
243230511
243973312
150373328
254582474
235587977
162724690
162730919
145825584
241192840
210779777
90836260
229767188
179945473
199488572
196387041
18948105
199591139
182164479
23207213
19071300
168629028
210571134
39956355
83403265
252372043
240244930
9170412
94983411
99519226
51085240
100042989
74314281
26623096
250416317
60461299
262211073
144705552
223192218
139601201
117462936
165536540
230437461
78794668
77046557
161490577
6746254
95994662
92646260
188910733
119201876
111717560
89104305
61337554
151673915
172507571
45274141
123483389
181677983
140257552
223002615
232763223
240300541
28881441
259386319
222281403
89342740
253161936
98551499
44099503
124327681
216014435
209636043
86329686
26373648
18247144
247820263
33119902
114241807
72031068
222030635
233443683
183748628
42699485
26345781
66987088
215207056
71619923
190470477
128449583
211877475
145037637
92777351
183742561
173919078
83728214
137588508
263261818
68454695
236140007
38925865
192782376
183718986
248561908
10676607
210092634
266809053
258496870
243212536
112615404
62092482
196807716
77623631
245841111
239507201
103969412
44392743
186278801
175589335
234863220
46292928
119031355
111465401
139070279
34338460
16949023
222798494
171926968
11775386
22817733
139631519
50701251
215600109
54915049
30827704
226276716
265007684
29201301
216338131
239784764
141816705
9995157
168157024
219440336
255836268
139228769
54974292
31793555
57072114
230563628
266656776
103365043
81159527
109686721
242435322
115497987
126635745
196798360
18989499
138411131
219616093
158621018
189112382
166780747
213536067
219940086
124622007
210108295
249141387
72524682
181457604
122522636
82519840
81179172
73527516
69920652
220407942
128501809
101714208
9044600
90629981
99935528
112409643
171789508
209622249
86409510
18852039
67822538
14772414
37841538
206233669
234388508
196462556
126910596
132733799
141563167
78415226
257355806
83236007
59121158
61445033
264693611
181643794
143964873
77437327
255171311
213885525
29409813
115237664
47164277
38454414
205867645
147099805
150864057
109221697
88286599
237273567
128073736
156109137
252045982
165915274
93907351
217999034
93942374
220817947
82297377
235505541
30797717
71217727
50306092
89918875
132662760
46564247
3127214
8192177
124001575
258298525
222077703
153411388
105100733
806524
191865802
42532922
147906330
74294404
151754619
236192929
43132515
11392899
123866610
26743041
177308173
217773961
244742075
2815091
170156452
58603996
238320632
200954170
129821724
20191269
22437589
262484484
66755516
25564803
2241206
190757091
15427872
224318909
75733024
120528605
225125433
267598826
163061527
104596307
73457774
46380690
72353780
116590290
57773589
196220391
143333331
235081762
145558896
119639951
237896853
47279893
178243947
207782030
248234063
39630215
227973299
2236196
33679244
26293359
27801000
35920450
217050451
43228872
260239359
24348019
163757478
216929336
23511389
58383549
53090188
96969164
104764240
125443968
213559454
162537829
53228903
88457329
129184136
198787800
208097280
98645533
246067693
117905772
37992107
225866300
157535987
265965406
228102496
191215231
23823310
255903496
227135681
240873761
30696913
218939584
265221780
194454391
167433465
20297713
252837940
220523653
117266877
89166724
77532165
62390875
251704554
130761069
150848205
112453234
61113413
90510029
211098767
38745650
208415801
249090875
264611950
97516333
246620825
224278990
20296108
2008679
211747031
247431790
242882440
242443944
197935918
239668764
168462879
96933927
259966478
152865363
49022124
108797899
242032088
126554290
171188775
225301186
257315359
53601524
69318964
49993316
144111553
11982275
88738966
84091899
261073150
84915460
181608232
239258520
40758994
201904340
241267199
252506025
180900674
215714184
226514513
110401137
186947492
126541936
207335064
178478514
10971844
256357189
18840958
253003932
114476023
190029733
209869662
103355926
243631257
10753170
153349242
119307354
22735445
242088208
203399253
15373140
58568212
116572029
254631660
99327206
50040914
227463403
83397776
230941588
174742131
41476833
72907269
93254168
168018770
11806878
3297226
178990614
268164067
22138184
163559090
114204634
212167917
104993296
217560560
187363718
115746466
102474346
38235617
138481911
76127098
241634870
153855051
134695310
89771444
140051255
234022516
139812358
99079203
48984836
102318490
5385878
90461670
175225760
98640046
258480440
187032638
101937273
169035598
186761249
124075457
64159232
32530427
67807919
169152528
250090987
255171637
16463538
84129877
24971798
154945449
160256975
266606669
40365045
26516829
87942657
180416300
260539345
227755015
11060047
41088726
61638049
16445926
131550396
236863809
115085972
121595380
155460991
217023245
22195522
73786784
72663247
86354754
106317211
140471166
255507282
87972742
127207347
3535364
172102619
152179146
158480813
63924138
150350359
198845858
90440967
238293016
110826703
82544857
197612575
121886750
123633583
259250624
138332676
255183979
227678978
253418649
108343903
114704513
202006438
130539425
188491298
6234229
216894179
26373053
146705395
203966005
114345796
5477287
207501369
18012959
157656433
97546726
81937098
39571336
27957129
172378065
9428896
138783832
254922922
207041471
260670582
110121049
197856639
130567803
96869572
157100161
115550996
205213475
3369219
49121978
67317444
191860517
55356208
15776167
218233570
202061603
219742172
64143910
207538890
158808085
82156870
96759867
256354812
164093968
136331203
15876485
68036577
145760099
154660317
54524044
84366114
146895443
164645093
13787298
9027790
261514666
170887459
124578786
198292685
174256678
173700765
265610130
97681739
229056973
12950841
47479854
162683120
232693014
111623764
101786555
123065643
193780634
198546422
110984999
89439146
66442170
126861484
157475724
212202269
13086345
211999768
28132928
159981789
108209405
41920226
169009579
101288615
212807685
25152910
31145845
118628908
198853675
28320519
216310647
159475192
41271360
263790501
53722856
5528918
106978810
155509411
128594562
32323988
85620378
239579561
121763135
152062548
98005590
10803403
95829361
111091935
222803171
123962289
2638268
62577120
165882515
171647848
163865736
110254745
196800758
195011581
228883653
127218977
223332100
176758844
18258713
264603460
172113890
71981569
1696923
10657244
227490981
130291485
42981232
44675903
101435590
164744367
196738451
199441180
175547770
24132356
42097660
129915485
148094646
44735928
192492606
45541705
216383776
87922886
155796450
144749078
14499011
116244647
3532599
237831111
24568036
21791312
233999115
196681926
93772882
235696038
207339170
52828407
97552067
250320402
97504310
198987658
146629314
25807305
129993382
53741628
49939661
172091042
183657114
198034307
216826971
107714264
243576013
164775291
195637150
130937007
41088914
210136161
247181655
44621513
179531816
3314235
66412826
145095475
199996161
160185708
112356058
138899875
213014115
209908125
120784821
42082969
140460327
267414135
67890274
2018254
52720308
117829935
174109296
236377422
47428787
122500811
75656230
22569344
18840647
2857924
153506351
59929561
212994085
132252550
104551074
124090445
135566785
170963900
750464
67127490
62714152
113106522
206027365
7292811
54579192
58376731
49375780
195039519
57355410
117266054
197057773
110075718
235095990
102731614
78017684
14089321
225232425
153673914
36658665
244073072
156531838
190165016
35567177
101090467
53982111
140118252
225180912
189548896
42646696
225931377
256676387
105360849
70602443
194268296
112653660
125181635
252645027
162029441
51785699
41564982
10860039
248843472
151640700
245956029
83139630
229658385
260045350
39936600
114896843
28268559
15574216
2993226
218433576
51141394
104083693
3980231
191259646
60829150
193529127
233906342
18325071
181770058
70831735
88927514
107602899
183485396
214109150
91812470
77079381
265894849
133377452
87939420
246302865
16582697
65459994
61007040
246241082
57069888
100943640
92702469
85338448
116517856
95695695
35336568
167659250
199779389
39316799
90483440
260608539
232845926
55954327
10498154
146180529
126786062
99425668
253783428
41836002
45099362
77160442
118915383
42558755
210537895
206854804
20426165
227120592
3879342
81433205
204926218
60949230
182376845
29193231
146287678
30459245
124888927
181624246
198118496
56232860
220941045
20166480
48405943
185351516
76120807
58904097
63096589
202906870
158329765
48444561
244742872
203429128
125605003
95222800
245987883
67707442
33642148
266414048
26392578
37521490
79411797
231318796
98470720
261788642
260512028
244758399
23812432
116965499
157947189
221930928
173198359
110452779
242097408
221604302
27368839
49782760
12072943
90465428
252689630
170402708
138909989
228997046
105396380
264514992
55784390
82948808
63786979
89426538
80927400
90179557
126948028
160339198
53062898
225418749
153692384
45139470
201741692
177504816
162104969
91253425
131000288
66867872
201706204
104662241
20036718
229075043
154445001
32109661
51105015
138699175
202512369
190015004
99260765
39473294
186094541
155045156
122422102
249881520
244471694
203349502
71625621
102984267
95253244
124688519
59967560
248945629
169827989
261709252
158014989
63497502
84527221
20579822
130365374
17797970
125242063
150402092
246873013
11251608
182511753
29542573
149950783
116588667
219557577
249211548
156061961
137216662
135821248
10048607
118662726
111857487
213398109
190288348
214841754
40215898
46541411
6373858
20726071
216369401
268083110
178741060
11431447
84174875
199320882
141796822
101972845
56127489
23763458
80410403
67379097
206275212
109952976
217329880
54428423
61075097
198105973
210490384
198291760
65491765
220538991
48519030
177349252
165501644
238807378
123755550
205717542
16913334
130129408
226443613
233282735
129777062
136749218
244714182
213951938
67634644
118075548
47489327
123762134
141839007
127899730
191141231
79678763
237852706
140035656
134107186
30492348
69706173
76162114
228784108
135197938
28265649
8867682
44111735
193767293
247675061
167867285
131049380
264588395
29561238
